/*--------------------------------*- C++ -*----------------------------------*\
| =========                 |                                                 |
| \\      /  F ield         | OpenFOAM: The Open Source CFD Toolbox           |
|  \\    /   O peration     | Version:  v1812                                 |
|   \\  /    A nd           | Web:      www.OpenFOAM.com                      |
|    \\/     M anipulation  |                                                 |
\*---------------------------------------------------------------------------*/
FoamFile
{
    version     2.0;
    format      ascii;
    class       labelList;
    note        "nPoints:7242  nCells:3500  nFaces:14120  nInternalFaces:6880";
    location    "constant/polyMesh";
    object      owner;
}
// * * * * * * * * * * * * * * * * * * * * * * * * * * * * * * * * * * * * * //


14120
(
0
0
1
1
2
2
3
3
4
4
5
5
6
6
7
7
8
8
9
9
10
10
11
11
12
12
13
13
14
14
15
15
16
16
17
17
18
18
19
19
20
20
21
21
22
22
23
23
24
24
25
25
26
26
27
27
28
28
29
29
30
30
31
31
32
32
33
33
34
34
35
35
36
36
37
37
38
38
39
39
40
40
41
41
42
42
43
43
44
44
45
45
46
46
47
47
48
48
49
49
50
50
51
51
52
52
53
53
54
54
55
55
56
56
57
57
58
58
59
59
60
60
61
61
62
62
63
63
64
64
65
65
66
66
67
67
68
68
69
70
70
71
71
72
72
73
73
74
74
75
75
76
76
77
77
78
78
79
79
80
80
81
81
82
82
83
83
84
84
85
85
86
86
87
87
88
88
89
89
90
90
91
91
92
92
93
93
94
94
95
95
96
96
97
97
98
98
99
99
100
100
101
101
102
102
103
103
104
104
105
105
106
106
107
107
108
108
109
109
110
110
111
111
112
112
113
113
114
114
115
115
116
116
117
117
118
118
119
119
120
120
121
121
122
122
123
123
124
124
125
125
126
126
127
127
128
128
129
129
130
130
131
131
132
132
133
133
134
134
135
135
136
136
137
137
138
138
139
140
140
141
141
142
142
143
143
144
144
145
145
146
146
147
147
148
148
149
149
150
150
151
151
152
152
153
153
154
154
155
155
156
156
157
157
158
158
159
159
160
160
161
161
162
162
163
163
164
164
165
165
166
166
167
167
168
168
169
169
170
170
171
171
172
172
173
173
174
174
175
175
176
176
177
177
178
178
179
179
180
180
181
181
182
182
183
183
184
184
185
185
186
186
187
187
188
188
189
189
190
190
191
191
192
192
193
193
194
194
195
195
196
196
197
197
198
198
199
199
200
200
201
201
202
202
203
203
204
204
205
205
206
206
207
207
208
208
209
210
210
211
211
212
212
213
213
214
214
215
215
216
216
217
217
218
218
219
219
220
220
221
221
222
222
223
223
224
224
225
225
226
226
227
227
228
228
229
229
230
230
231
231
232
232
233
233
234
234
235
235
236
236
237
237
238
238
239
239
240
240
241
241
242
242
243
243
244
244
245
245
246
246
247
247
248
248
249
249
250
250
251
251
252
252
253
253
254
254
255
255
256
256
257
257
258
258
259
259
260
260
261
261
262
262
263
263
264
264
265
265
266
266
267
267
268
268
269
269
270
270
271
271
272
272
273
273
274
274
275
275
276
276
277
277
278
278
279
280
280
281
281
282
282
283
283
284
284
285
285
286
286
287
287
288
288
289
289
290
290
291
291
292
292
293
293
294
294
295
295
296
296
297
297
298
298
299
299
300
300
301
301
302
302
303
303
304
304
305
305
306
306
307
307
308
308
309
309
310
310
311
311
312
312
313
313
314
314
315
315
316
316
317
317
318
318
319
319
320
320
321
321
322
322
323
323
324
324
325
325
326
326
327
327
328
328
329
329
330
330
331
331
332
332
333
333
334
334
335
335
336
336
337
337
338
338
339
339
340
340
341
341
342
342
343
343
344
344
345
345
346
346
347
347
348
348
349
350
350
351
351
352
352
353
353
354
354
355
355
356
356
357
357
358
358
359
359
360
360
361
361
362
362
363
363
364
364
365
365
366
366
367
367
368
368
369
369
370
370
371
371
372
372
373
373
374
374
375
375
376
376
377
377
378
378
379
379
380
380
381
381
382
382
383
383
384
384
385
385
386
386
387
387
388
388
389
389
390
390
391
391
392
392
393
393
394
394
395
395
396
396
397
397
398
398
399
399
400
400
401
401
402
402
403
403
404
404
405
405
406
406
407
407
408
408
409
409
410
410
411
411
412
412
413
413
414
414
415
415
416
416
417
417
418
418
419
420
420
421
421
422
422
423
423
424
424
425
425
426
426
427
427
428
428
429
429
430
430
431
431
432
432
433
433
434
434
435
435
436
436
437
437
438
438
439
439
440
440
441
441
442
442
443
443
444
444
445
445
446
446
447
447
448
448
449
449
450
450
451
451
452
452
453
453
454
454
455
455
456
456
457
457
458
458
459
459
460
460
461
461
462
462
463
463
464
464
465
465
466
466
467
467
468
468
469
469
470
470
471
471
472
472
473
473
474
474
475
475
476
476
477
477
478
478
479
479
480
480
481
481
482
482
483
483
484
484
485
485
486
486
487
487
488
488
489
490
490
491
491
492
492
493
493
494
494
495
495
496
496
497
497
498
498
499
499
500
500
501
501
502
502
503
503
504
504
505
505
506
506
507
507
508
508
509
509
510
510
511
511
512
512
513
513
514
514
515
515
516
516
517
517
518
518
519
519
520
520
521
521
522
522
523
523
524
524
525
525
526
526
527
527
528
528
529
529
530
530
531
531
532
532
533
533
534
534
535
535
536
536
537
537
538
538
539
539
540
540
541
541
542
542
543
543
544
544
545
545
546
546
547
547
548
548
549
549
550
550
551
551
552
552
553
553
554
554
555
555
556
556
557
557
558
558
559
560
560
561
561
562
562
563
563
564
564
565
565
566
566
567
567
568
568
569
569
570
570
571
571
572
572
573
573
574
574
575
575
576
576
577
577
578
578
579
579
580
580
581
581
582
582
583
583
584
584
585
585
586
586
587
587
588
588
589
589
590
590
591
591
592
592
593
593
594
594
595
595
596
596
597
597
598
598
599
599
600
600
601
601
602
602
603
603
604
604
605
605
606
606
607
607
608
608
609
609
610
610
611
611
612
612
613
613
614
614
615
615
616
616
617
617
618
618
619
619
620
620
621
621
622
622
623
623
624
624
625
625
626
626
627
627
628
628
629
630
630
631
631
632
632
633
633
634
634
635
635
636
636
637
637
638
638
639
639
640
640
641
641
642
642
643
643
644
644
645
645
646
646
647
647
648
648
649
649
650
650
651
651
652
652
653
653
654
654
655
655
656
656
657
657
658
658
659
659
660
660
661
661
662
662
663
663
664
664
665
665
666
666
667
667
668
668
669
669
670
670
671
671
672
672
673
673
674
674
675
675
676
676
677
677
678
678
679
679
680
680
681
681
682
682
683
683
684
684
685
685
686
686
687
687
688
688
689
689
690
690
691
691
692
692
693
693
694
694
695
695
696
696
697
697
698
698
699
700
700
701
701
702
702
703
703
704
704
705
705
706
706
707
707
708
708
709
709
710
710
711
711
712
712
713
713
714
714
715
715
716
716
717
717
718
718
719
719
720
720
721
721
722
722
723
723
724
724
725
725
726
726
727
727
728
728
729
729
730
730
731
731
732
732
733
733
734
734
735
735
736
736
737
737
738
738
739
739
740
740
741
741
742
742
743
743
744
744
745
745
746
746
747
747
748
748
749
749
750
750
751
751
752
752
753
753
754
754
755
755
756
756
757
757
758
758
759
759
760
760
761
761
762
762
763
763
764
764
765
765
766
766
767
767
768
768
769
770
770
771
771
772
772
773
773
774
774
775
775
776
776
777
777
778
778
779
779
780
780
781
781
782
782
783
783
784
784
785
785
786
786
787
787
788
788
789
789
790
790
791
791
792
792
793
793
794
794
795
795
796
796
797
797
798
798
799
799
800
800
801
801
802
802
803
803
804
804
805
805
806
806
807
807
808
808
809
809
810
810
811
811
812
812
813
813
814
814
815
815
816
816
817
817
818
818
819
819
820
820
821
821
822
822
823
823
824
824
825
825
826
826
827
827
828
828
829
829
830
830
831
831
832
832
833
833
834
834
835
835
836
836
837
837
838
838
839
840
840
841
841
842
842
843
843
844
844
845
845
846
846
847
847
848
848
849
849
850
850
851
851
852
852
853
853
854
854
855
855
856
856
857
857
858
858
859
859
860
860
861
861
862
862
863
863
864
864
865
865
866
866
867
867
868
868
869
869
870
870
871
871
872
872
873
873
874
874
875
875
876
876
877
877
878
878
879
879
880
880
881
881
882
882
883
883
884
884
885
885
886
886
887
887
888
888
889
889
890
890
891
891
892
892
893
893
894
894
895
895
896
896
897
897
898
898
899
899
900
900
901
901
902
902
903
903
904
904
905
905
906
906
907
907
908
908
909
910
910
911
911
912
912
913
913
914
914
915
915
916
916
917
917
918
918
919
919
920
920
921
921
922
922
923
923
924
924
925
925
926
926
927
927
928
928
929
929
930
930
931
931
932
932
933
933
934
934
935
935
936
936
937
937
938
938
939
939
940
940
941
941
942
942
943
943
944
944
945
945
946
946
947
947
948
948
949
949
950
950
951
951
952
952
953
953
954
954
955
955
956
956
957
957
958
958
959
959
960
960
961
961
962
962
963
963
964
964
965
965
966
966
967
967
968
968
969
969
970
970
971
971
972
972
973
973
974
974
975
975
976
976
977
977
978
978
979
980
980
981
981
982
982
983
983
984
984
985
985
986
986
987
987
988
988
989
989
990
990
991
991
992
992
993
993
994
994
995
995
996
996
997
997
998
998
999
999
1000
1000
1001
1001
1002
1002
1003
1003
1004
1004
1005
1005
1006
1006
1007
1007
1008
1008
1009
1009
1010
1010
1011
1011
1012
1012
1013
1013
1014
1014
1015
1015
1016
1016
1017
1017
1018
1018
1019
1019
1020
1020
1021
1021
1022
1022
1023
1023
1024
1024
1025
1025
1026
1026
1027
1027
1028
1028
1029
1029
1030
1030
1031
1031
1032
1032
1033
1033
1034
1034
1035
1035
1036
1036
1037
1037
1038
1038
1039
1039
1040
1040
1041
1041
1042
1042
1043
1043
1044
1044
1045
1045
1046
1046
1047
1047
1048
1048
1049
1050
1050
1051
1051
1052
1052
1053
1053
1054
1054
1055
1055
1056
1056
1057
1057
1058
1058
1059
1059
1060
1060
1061
1061
1062
1062
1063
1063
1064
1064
1065
1065
1066
1066
1067
1067
1068
1068
1069
1069
1070
1070
1071
1071
1072
1072
1073
1073
1074
1074
1075
1075
1076
1076
1077
1077
1078
1078
1079
1079
1080
1080
1081
1081
1082
1082
1083
1083
1084
1084
1085
1085
1086
1086
1087
1087
1088
1088
1089
1089
1090
1090
1091
1091
1092
1092
1093
1093
1094
1094
1095
1095
1096
1096
1097
1097
1098
1098
1099
1099
1100
1100
1101
1101
1102
1102
1103
1103
1104
1104
1105
1105
1106
1106
1107
1107
1108
1108
1109
1109
1110
1110
1111
1111
1112
1112
1113
1113
1114
1114
1115
1115
1116
1116
1117
1117
1118
1118
1119
1120
1120
1121
1121
1122
1122
1123
1123
1124
1124
1125
1125
1126
1126
1127
1127
1128
1128
1129
1129
1130
1130
1131
1131
1132
1132
1133
1133
1134
1134
1135
1135
1136
1136
1137
1137
1138
1138
1139
1139
1140
1140
1141
1141
1142
1142
1143
1143
1144
1144
1145
1145
1146
1146
1147
1147
1148
1148
1149
1149
1150
1150
1151
1151
1152
1152
1153
1153
1154
1154
1155
1155
1156
1156
1157
1157
1158
1158
1159
1159
1160
1160
1161
1161
1162
1162
1163
1163
1164
1164
1165
1165
1166
1166
1167
1167
1168
1168
1169
1169
1170
1170
1171
1171
1172
1172
1173
1173
1174
1174
1175
1175
1176
1176
1177
1177
1178
1178
1179
1179
1180
1180
1181
1181
1182
1182
1183
1183
1184
1184
1185
1185
1186
1186
1187
1187
1188
1188
1189
1190
1190
1191
1191
1192
1192
1193
1193
1194
1194
1195
1195
1196
1196
1197
1197
1198
1198
1199
1199
1200
1200
1201
1201
1202
1202
1203
1203
1204
1204
1205
1205
1206
1206
1207
1207
1208
1208
1209
1209
1210
1210
1211
1211
1212
1212
1213
1213
1214
1214
1215
1215
1216
1216
1217
1217
1218
1218
1219
1219
1220
1220
1221
1221
1222
1222
1223
1223
1224
1224
1225
1225
1226
1226
1227
1227
1228
1228
1229
1229
1230
1230
1231
1231
1232
1232
1233
1233
1234
1234
1235
1235
1236
1236
1237
1237
1238
1238
1239
1239
1240
1240
1241
1241
1242
1242
1243
1243
1244
1244
1245
1245
1246
1246
1247
1247
1248
1248
1249
1249
1250
1250
1251
1251
1252
1252
1253
1253
1254
1254
1255
1255
1256
1256
1257
1257
1258
1258
1259
1260
1260
1261
1261
1262
1262
1263
1263
1264
1264
1265
1265
1266
1266
1267
1267
1268
1268
1269
1269
1270
1270
1271
1271
1272
1272
1273
1273
1274
1274
1275
1275
1276
1276
1277
1277
1278
1278
1279
1279
1280
1280
1281
1281
1282
1282
1283
1283
1284
1284
1285
1285
1286
1286
1287
1287
1288
1288
1289
1289
1290
1290
1291
1291
1292
1292
1293
1293
1294
1294
1295
1295
1296
1296
1297
1297
1298
1298
1299
1299
1300
1300
1301
1301
1302
1302
1303
1303
1304
1304
1305
1305
1306
1306
1307
1307
1308
1308
1309
1309
1310
1310
1311
1311
1312
1312
1313
1313
1314
1314
1315
1315
1316
1316
1317
1317
1318
1318
1319
1319
1320
1320
1321
1321
1322
1322
1323
1323
1324
1324
1325
1325
1326
1326
1327
1327
1328
1328
1329
1330
1330
1331
1331
1332
1332
1333
1333
1334
1334
1335
1335
1336
1336
1337
1337
1338
1338
1339
1339
1340
1340
1341
1341
1342
1342
1343
1343
1344
1344
1345
1345
1346
1346
1347
1347
1348
1348
1349
1349
1350
1350
1351
1351
1352
1352
1353
1353
1354
1354
1355
1355
1356
1356
1357
1357
1358
1358
1359
1359
1360
1360
1361
1361
1362
1362
1363
1363
1364
1364
1365
1365
1366
1366
1367
1367
1368
1368
1369
1369
1370
1370
1371
1371
1372
1372
1373
1373
1374
1374
1375
1375
1376
1376
1377
1377
1378
1378
1379
1379
1380
1380
1381
1381
1382
1382
1383
1383
1384
1384
1385
1385
1386
1386
1387
1387
1388
1388
1389
1389
1390
1390
1391
1391
1392
1392
1393
1393
1394
1394
1395
1395
1396
1396
1397
1397
1398
1398
1399
1400
1400
1401
1401
1402
1402
1403
1403
1404
1404
1405
1405
1406
1406
1407
1407
1408
1408
1409
1409
1410
1410
1411
1411
1412
1412
1413
1413
1414
1414
1415
1415
1416
1416
1417
1417
1418
1418
1419
1419
1420
1420
1421
1421
1422
1422
1423
1423
1424
1424
1425
1425
1426
1426
1427
1427
1428
1428
1429
1429
1430
1430
1431
1431
1432
1432
1433
1433
1434
1434
1435
1435
1436
1436
1437
1437
1438
1438
1439
1439
1440
1440
1441
1441
1442
1442
1443
1443
1444
1444
1445
1445
1446
1446
1447
1447
1448
1448
1449
1449
1450
1450
1451
1451
1452
1452
1453
1453
1454
1454
1455
1455
1456
1456
1457
1457
1458
1458
1459
1459
1460
1460
1461
1461
1462
1462
1463
1463
1464
1464
1465
1465
1466
1466
1467
1467
1468
1468
1469
1470
1470
1471
1471
1472
1472
1473
1473
1474
1474
1475
1475
1476
1476
1477
1477
1478
1478
1479
1479
1480
1480
1481
1481
1482
1482
1483
1483
1484
1484
1485
1485
1486
1486
1487
1487
1488
1488
1489
1489
1490
1490
1491
1491
1492
1492
1493
1493
1494
1494
1495
1495
1496
1496
1497
1497
1498
1498
1499
1499
1500
1500
1501
1501
1502
1502
1503
1503
1504
1504
1505
1505
1506
1506
1507
1507
1508
1508
1509
1509
1510
1510
1511
1511
1512
1512
1513
1513
1514
1514
1515
1515
1516
1516
1517
1517
1518
1518
1519
1519
1520
1520
1521
1521
1522
1522
1523
1523
1524
1524
1525
1525
1526
1526
1527
1527
1528
1528
1529
1529
1530
1530
1531
1531
1532
1532
1533
1533
1534
1534
1535
1535
1536
1536
1537
1537
1538
1538
1539
1540
1540
1541
1541
1542
1542
1543
1543
1544
1544
1545
1545
1546
1546
1547
1547
1548
1548
1549
1549
1550
1550
1551
1551
1552
1552
1553
1553
1554
1554
1555
1555
1556
1556
1557
1557
1558
1558
1559
1559
1560
1560
1561
1561
1562
1562
1563
1563
1564
1564
1565
1565
1566
1566
1567
1567
1568
1568
1569
1569
1570
1570
1571
1571
1572
1572
1573
1573
1574
1574
1575
1575
1576
1576
1577
1577
1578
1578
1579
1579
1580
1580
1581
1581
1582
1582
1583
1583
1584
1584
1585
1585
1586
1586
1587
1587
1588
1588
1589
1589
1590
1590
1591
1591
1592
1592
1593
1593
1594
1594
1595
1595
1596
1596
1597
1597
1598
1598
1599
1599
1600
1600
1601
1601
1602
1602
1603
1603
1604
1604
1605
1605
1606
1606
1607
1607
1608
1608
1609
1610
1610
1611
1611
1612
1612
1613
1613
1614
1614
1615
1615
1616
1616
1617
1617
1618
1618
1619
1619
1620
1620
1621
1621
1622
1622
1623
1623
1624
1624
1625
1625
1626
1626
1627
1627
1628
1628
1629
1629
1630
1630
1631
1631
1632
1632
1633
1633
1634
1634
1635
1635
1636
1636
1637
1637
1638
1638
1639
1639
1640
1640
1641
1641
1642
1642
1643
1643
1644
1644
1645
1645
1646
1646
1647
1647
1648
1648
1649
1649
1650
1650
1651
1651
1652
1652
1653
1653
1654
1654
1655
1655
1656
1656
1657
1657
1658
1658
1659
1659
1660
1660
1661
1661
1662
1662
1663
1663
1664
1664
1665
1665
1666
1666
1667
1667
1668
1668
1669
1669
1670
1670
1671
1671
1672
1672
1673
1673
1674
1674
1675
1675
1676
1676
1677
1677
1678
1678
1679
1680
1680
1681
1681
1682
1682
1683
1683
1684
1684
1685
1685
1686
1686
1687
1687
1688
1688
1689
1689
1690
1690
1691
1691
1692
1692
1693
1693
1694
1694
1695
1695
1696
1696
1697
1697
1698
1698
1699
1699
1700
1700
1701
1701
1702
1702
1703
1703
1704
1704
1705
1705
1706
1706
1707
1707
1708
1708
1709
1709
1710
1710
1711
1711
1712
1712
1713
1713
1714
1714
1715
1715
1716
1716
1717
1717
1718
1718
1719
1719
1720
1720
1721
1721
1722
1722
1723
1723
1724
1724
1725
1725
1726
1726
1727
1727
1728
1728
1729
1729
1730
1730
1731
1731
1732
1732
1733
1733
1734
1734
1735
1735
1736
1736
1737
1737
1738
1738
1739
1739
1740
1740
1741
1741
1742
1742
1743
1743
1744
1744
1745
1745
1746
1746
1747
1747
1748
1748
1749
1750
1750
1751
1751
1752
1752
1753
1753
1754
1754
1755
1755
1756
1756
1757
1757
1758
1758
1759
1759
1760
1760
1761
1761
1762
1762
1763
1763
1764
1764
1765
1765
1766
1766
1767
1767
1768
1768
1769
1769
1770
1770
1771
1771
1772
1772
1773
1773
1774
1774
1775
1775
1776
1776
1777
1777
1778
1778
1779
1779
1780
1780
1781
1781
1782
1782
1783
1783
1784
1784
1785
1785
1786
1786
1787
1787
1788
1788
1789
1789
1790
1790
1791
1791
1792
1792
1793
1793
1794
1794
1795
1795
1796
1796
1797
1797
1798
1798
1799
1799
1800
1800
1801
1801
1802
1802
1803
1803
1804
1804
1805
1805
1806
1806
1807
1807
1808
1808
1809
1809
1810
1810
1811
1811
1812
1812
1813
1813
1814
1814
1815
1815
1816
1816
1817
1817
1818
1818
1819
1820
1820
1821
1821
1822
1822
1823
1823
1824
1824
1825
1825
1826
1826
1827
1827
1828
1828
1829
1829
1830
1830
1831
1831
1832
1832
1833
1833
1834
1834
1835
1835
1836
1836
1837
1837
1838
1838
1839
1839
1840
1840
1841
1841
1842
1842
1843
1843
1844
1844
1845
1845
1846
1846
1847
1847
1848
1848
1849
1849
1850
1850
1851
1851
1852
1852
1853
1853
1854
1854
1855
1855
1856
1856
1857
1857
1858
1858
1859
1859
1860
1860
1861
1861
1862
1862
1863
1863
1864
1864
1865
1865
1866
1866
1867
1867
1868
1868
1869
1869
1870
1870
1871
1871
1872
1872
1873
1873
1874
1874
1875
1875
1876
1876
1877
1877
1878
1878
1879
1879
1880
1880
1881
1881
1882
1882
1883
1883
1884
1884
1885
1885
1886
1886
1887
1887
1888
1888
1889
1890
1890
1891
1891
1892
1892
1893
1893
1894
1894
1895
1895
1896
1896
1897
1897
1898
1898
1899
1899
1900
1900
1901
1901
1902
1902
1903
1903
1904
1904
1905
1905
1906
1906
1907
1907
1908
1908
1909
1909
1910
1910
1911
1911
1912
1912
1913
1913
1914
1914
1915
1915
1916
1916
1917
1917
1918
1918
1919
1919
1920
1920
1921
1921
1922
1922
1923
1923
1924
1924
1925
1925
1926
1926
1927
1927
1928
1928
1929
1929
1930
1930
1931
1931
1932
1932
1933
1933
1934
1934
1935
1935
1936
1936
1937
1937
1938
1938
1939
1939
1940
1940
1941
1941
1942
1942
1943
1943
1944
1944
1945
1945
1946
1946
1947
1947
1948
1948
1949
1949
1950
1950
1951
1951
1952
1952
1953
1953
1954
1954
1955
1955
1956
1956
1957
1957
1958
1958
1959
1960
1960
1961
1961
1962
1962
1963
1963
1964
1964
1965
1965
1966
1966
1967
1967
1968
1968
1969
1969
1970
1970
1971
1971
1972
1972
1973
1973
1974
1974
1975
1975
1976
1976
1977
1977
1978
1978
1979
1979
1980
1980
1981
1981
1982
1982
1983
1983
1984
1984
1985
1985
1986
1986
1987
1987
1988
1988
1989
1989
1990
1990
1991
1991
1992
1992
1993
1993
1994
1994
1995
1995
1996
1996
1997
1997
1998
1998
1999
1999
2000
2000
2001
2001
2002
2002
2003
2003
2004
2004
2005
2005
2006
2006
2007
2007
2008
2008
2009
2009
2010
2010
2011
2011
2012
2012
2013
2013
2014
2014
2015
2015
2016
2016
2017
2017
2018
2018
2019
2019
2020
2020
2021
2021
2022
2022
2023
2023
2024
2024
2025
2025
2026
2026
2027
2027
2028
2028
2029
2030
2030
2031
2031
2032
2032
2033
2033
2034
2034
2035
2035
2036
2036
2037
2037
2038
2038
2039
2039
2040
2040
2041
2041
2042
2042
2043
2043
2044
2044
2045
2045
2046
2046
2047
2047
2048
2048
2049
2049
2050
2050
2051
2051
2052
2052
2053
2053
2054
2054
2055
2055
2056
2056
2057
2057
2058
2058
2059
2059
2060
2060
2061
2061
2062
2062
2063
2063
2064
2064
2065
2065
2066
2066
2067
2067
2068
2068
2069
2069
2070
2070
2071
2071
2072
2072
2073
2073
2074
2074
2075
2075
2076
2076
2077
2077
2078
2078
2079
2079
2080
2080
2081
2081
2082
2082
2083
2083
2084
2084
2085
2085
2086
2086
2087
2087
2088
2088
2089
2089
2090
2090
2091
2091
2092
2092
2093
2093
2094
2094
2095
2095
2096
2096
2097
2097
2098
2098
2099
2100
2100
2101
2101
2102
2102
2103
2103
2104
2104
2105
2105
2106
2106
2107
2107
2108
2108
2109
2109
2110
2110
2111
2111
2112
2112
2113
2113
2114
2114
2115
2115
2116
2116
2117
2117
2118
2118
2119
2119
2120
2120
2121
2121
2122
2122
2123
2123
2124
2124
2125
2125
2126
2126
2127
2127
2128
2128
2129
2129
2130
2130
2131
2131
2132
2132
2133
2133
2134
2134
2135
2135
2136
2136
2137
2137
2138
2138
2139
2139
2140
2140
2141
2141
2142
2142
2143
2143
2144
2144
2145
2145
2146
2146
2147
2147
2148
2148
2149
2149
2150
2150
2151
2151
2152
2152
2153
2153
2154
2154
2155
2155
2156
2156
2157
2157
2158
2158
2159
2159
2160
2160
2161
2161
2162
2162
2163
2163
2164
2164
2165
2165
2166
2166
2167
2167
2168
2168
2169
2170
2170
2171
2171
2172
2172
2173
2173
2174
2174
2175
2175
2176
2176
2177
2177
2178
2178
2179
2179
2180
2180
2181
2181
2182
2182
2183
2183
2184
2184
2185
2185
2186
2186
2187
2187
2188
2188
2189
2189
2190
2190
2191
2191
2192
2192
2193
2193
2194
2194
2195
2195
2196
2196
2197
2197
2198
2198
2199
2199
2200
2200
2201
2201
2202
2202
2203
2203
2204
2204
2205
2205
2206
2206
2207
2207
2208
2208
2209
2209
2210
2210
2211
2211
2212
2212
2213
2213
2214
2214
2215
2215
2216
2216
2217
2217
2218
2218
2219
2219
2220
2220
2221
2221
2222
2222
2223
2223
2224
2224
2225
2225
2226
2226
2227
2227
2228
2228
2229
2229
2230
2230
2231
2231
2232
2232
2233
2233
2234
2234
2235
2235
2236
2236
2237
2237
2238
2238
2239
2240
2240
2241
2241
2242
2242
2243
2243
2244
2244
2245
2245
2246
2246
2247
2247
2248
2248
2249
2249
2250
2250
2251
2251
2252
2252
2253
2253
2254
2254
2255
2255
2256
2256
2257
2257
2258
2258
2259
2259
2260
2260
2261
2261
2262
2262
2263
2263
2264
2264
2265
2265
2266
2266
2267
2267
2268
2268
2269
2269
2270
2270
2271
2271
2272
2272
2273
2273
2274
2274
2275
2275
2276
2276
2277
2277
2278
2278
2279
2279
2280
2280
2281
2281
2282
2282
2283
2283
2284
2284
2285
2285
2286
2286
2287
2287
2288
2288
2289
2289
2290
2290
2291
2291
2292
2292
2293
2293
2294
2294
2295
2295
2296
2296
2297
2297
2298
2298
2299
2299
2300
2300
2301
2301
2302
2302
2303
2303
2304
2304
2305
2305
2306
2306
2307
2307
2308
2308
2309
2310
2310
2311
2311
2312
2312
2313
2313
2314
2314
2315
2315
2316
2316
2317
2317
2318
2318
2319
2319
2320
2320
2321
2321
2322
2322
2323
2323
2324
2324
2325
2325
2326
2326
2327
2327
2328
2328
2329
2329
2330
2330
2331
2331
2332
2332
2333
2333
2334
2334
2335
2335
2336
2336
2337
2337
2338
2338
2339
2339
2340
2340
2341
2341
2342
2342
2343
2343
2344
2344
2345
2345
2346
2346
2347
2347
2348
2348
2349
2349
2350
2350
2351
2351
2352
2352
2353
2353
2354
2354
2355
2355
2356
2356
2357
2357
2358
2358
2359
2359
2360
2360
2361
2361
2362
2362
2363
2363
2364
2364
2365
2365
2366
2366
2367
2367
2368
2368
2369
2369
2370
2370
2371
2371
2372
2372
2373
2373
2374
2374
2375
2375
2376
2376
2377
2377
2378
2378
2379
2380
2380
2381
2381
2382
2382
2383
2383
2384
2384
2385
2385
2386
2386
2387
2387
2388
2388
2389
2389
2390
2390
2391
2391
2392
2392
2393
2393
2394
2394
2395
2395
2396
2396
2397
2397
2398
2398
2399
2399
2400
2400
2401
2401
2402
2402
2403
2403
2404
2404
2405
2405
2406
2406
2407
2407
2408
2408
2409
2409
2410
2410
2411
2411
2412
2412
2413
2413
2414
2414
2415
2415
2416
2416
2417
2417
2418
2418
2419
2419
2420
2420
2421
2421
2422
2422
2423
2423
2424
2424
2425
2425
2426
2426
2427
2427
2428
2428
2429
2429
2430
2430
2431
2431
2432
2432
2433
2433
2434
2434
2435
2435
2436
2436
2437
2437
2438
2438
2439
2439
2440
2440
2441
2441
2442
2442
2443
2443
2444
2444
2445
2445
2446
2446
2447
2447
2448
2448
2449
2450
2450
2451
2451
2452
2452
2453
2453
2454
2454
2455
2455
2456
2456
2457
2457
2458
2458
2459
2459
2460
2460
2461
2461
2462
2462
2463
2463
2464
2464
2465
2465
2466
2466
2467
2467
2468
2468
2469
2469
2470
2470
2471
2471
2472
2472
2473
2473
2474
2474
2475
2475
2476
2476
2477
2477
2478
2478
2479
2479
2480
2480
2481
2481
2482
2482
2483
2483
2484
2484
2485
2485
2486
2486
2487
2487
2488
2488
2489
2489
2490
2490
2491
2491
2492
2492
2493
2493
2494
2494
2495
2495
2496
2496
2497
2497
2498
2498
2499
2499
2500
2500
2501
2501
2502
2502
2503
2503
2504
2504
2505
2505
2506
2506
2507
2507
2508
2508
2509
2509
2510
2510
2511
2511
2512
2512
2513
2513
2514
2514
2515
2515
2516
2516
2517
2517
2518
2518
2519
2520
2520
2521
2521
2522
2522
2523
2523
2524
2524
2525
2525
2526
2526
2527
2527
2528
2528
2529
2529
2530
2530
2531
2531
2532
2532
2533
2533
2534
2534
2535
2535
2536
2536
2537
2537
2538
2538
2539
2539
2540
2540
2541
2541
2542
2542
2543
2543
2544
2544
2545
2545
2546
2546
2547
2547
2548
2548
2549
2549
2550
2550
2551
2551
2552
2552
2553
2553
2554
2554
2555
2555
2556
2556
2557
2557
2558
2558
2559
2559
2560
2560
2561
2561
2562
2562
2563
2563
2564
2564
2565
2565
2566
2566
2567
2567
2568
2568
2569
2569
2570
2570
2571
2571
2572
2572
2573
2573
2574
2574
2575
2575
2576
2576
2577
2577
2578
2578
2579
2579
2580
2580
2581
2581
2582
2582
2583
2583
2584
2584
2585
2585
2586
2586
2587
2587
2588
2588
2589
2590
2590
2591
2591
2592
2592
2593
2593
2594
2594
2595
2595
2596
2596
2597
2597
2598
2598
2599
2599
2600
2600
2601
2601
2602
2602
2603
2603
2604
2604
2605
2605
2606
2606
2607
2607
2608
2608
2609
2609
2610
2610
2611
2611
2612
2612
2613
2613
2614
2614
2615
2615
2616
2616
2617
2617
2618
2618
2619
2619
2620
2620
2621
2621
2622
2622
2623
2623
2624
2624
2625
2625
2626
2626
2627
2627
2628
2628
2629
2629
2630
2630
2631
2631
2632
2632
2633
2633
2634
2634
2635
2635
2636
2636
2637
2637
2638
2638
2639
2639
2640
2640
2641
2641
2642
2642
2643
2643
2644
2644
2645
2645
2646
2646
2647
2647
2648
2648
2649
2649
2650
2650
2651
2651
2652
2652
2653
2653
2654
2654
2655
2655
2656
2656
2657
2657
2658
2658
2659
2660
2660
2661
2661
2662
2662
2663
2663
2664
2664
2665
2665
2666
2666
2667
2667
2668
2668
2669
2669
2670
2670
2671
2671
2672
2672
2673
2673
2674
2674
2675
2675
2676
2676
2677
2677
2678
2678
2679
2679
2680
2680
2681
2681
2682
2682
2683
2683
2684
2684
2685
2685
2686
2686
2687
2687
2688
2688
2689
2689
2690
2690
2691
2691
2692
2692
2693
2693
2694
2694
2695
2695
2696
2696
2697
2697
2698
2698
2699
2699
2700
2700
2701
2701
2702
2702
2703
2703
2704
2704
2705
2705
2706
2706
2707
2707
2708
2708
2709
2709
2710
2710
2711
2711
2712
2712
2713
2713
2714
2714
2715
2715
2716
2716
2717
2717
2718
2718
2719
2719
2720
2720
2721
2721
2722
2722
2723
2723
2724
2724
2725
2725
2726
2726
2727
2727
2728
2728
2729
2730
2730
2731
2731
2732
2732
2733
2733
2734
2734
2735
2735
2736
2736
2737
2737
2738
2738
2739
2739
2740
2740
2741
2741
2742
2742
2743
2743
2744
2744
2745
2745
2746
2746
2747
2747
2748
2748
2749
2749
2750
2750
2751
2751
2752
2752
2753
2753
2754
2754
2755
2755
2756
2756
2757
2757
2758
2758
2759
2759
2760
2760
2761
2761
2762
2762
2763
2763
2764
2764
2765
2765
2766
2766
2767
2767
2768
2768
2769
2769
2770
2770
2771
2771
2772
2772
2773
2773
2774
2774
2775
2775
2776
2776
2777
2777
2778
2778
2779
2779
2780
2780
2781
2781
2782
2782
2783
2783
2784
2784
2785
2785
2786
2786
2787
2787
2788
2788
2789
2789
2790
2790
2791
2791
2792
2792
2793
2793
2794
2794
2795
2795
2796
2796
2797
2797
2798
2798
2799
2800
2800
2801
2801
2802
2802
2803
2803
2804
2804
2805
2805
2806
2806
2807
2807
2808
2808
2809
2809
2810
2810
2811
2811
2812
2812
2813
2813
2814
2814
2815
2815
2816
2816
2817
2817
2818
2818
2819
2819
2820
2820
2821
2821
2822
2822
2823
2823
2824
2824
2825
2825
2826
2826
2827
2827
2828
2828
2829
2829
2830
2830
2831
2831
2832
2832
2833
2833
2834
2834
2835
2835
2836
2836
2837
2837
2838
2838
2839
2839
2840
2840
2841
2841
2842
2842
2843
2843
2844
2844
2845
2845
2846
2846
2847
2847
2848
2848
2849
2849
2850
2850
2851
2851
2852
2852
2853
2853
2854
2854
2855
2855
2856
2856
2857
2857
2858
2858
2859
2859
2860
2860
2861
2861
2862
2862
2863
2863
2864
2864
2865
2865
2866
2866
2867
2867
2868
2868
2869
2870
2870
2871
2871
2872
2872
2873
2873
2874
2874
2875
2875
2876
2876
2877
2877
2878
2878
2879
2879
2880
2880
2881
2881
2882
2882
2883
2883
2884
2884
2885
2885
2886
2886
2887
2887
2888
2888
2889
2889
2890
2890
2891
2891
2892
2892
2893
2893
2894
2894
2895
2895
2896
2896
2897
2897
2898
2898
2899
2899
2900
2900
2901
2901
2902
2902
2903
2903
2904
2904
2905
2905
2906
2906
2907
2907
2908
2908
2909
2909
2910
2910
2911
2911
2912
2912
2913
2913
2914
2914
2915
2915
2916
2916
2917
2917
2918
2918
2919
2919
2920
2920
2921
2921
2922
2922
2923
2923
2924
2924
2925
2925
2926
2926
2927
2927
2928
2928
2929
2929
2930
2930
2931
2931
2932
2932
2933
2933
2934
2934
2935
2935
2936
2936
2937
2937
2938
2938
2939
2940
2940
2941
2941
2942
2942
2943
2943
2944
2944
2945
2945
2946
2946
2947
2947
2948
2948
2949
2949
2950
2950
2951
2951
2952
2952
2953
2953
2954
2954
2955
2955
2956
2956
2957
2957
2958
2958
2959
2959
2960
2960
2961
2961
2962
2962
2963
2963
2964
2964
2965
2965
2966
2966
2967
2967
2968
2968
2969
2969
2970
2970
2971
2971
2972
2972
2973
2973
2974
2974
2975
2975
2976
2976
2977
2977
2978
2978
2979
2979
2980
2980
2981
2981
2982
2982
2983
2983
2984
2984
2985
2985
2986
2986
2987
2987
2988
2988
2989
2989
2990
2990
2991
2991
2992
2992
2993
2993
2994
2994
2995
2995
2996
2996
2997
2997
2998
2998
2999
2999
3000
3000
3001
3001
3002
3002
3003
3003
3004
3004
3005
3005
3006
3006
3007
3007
3008
3008
3009
3010
3010
3011
3011
3012
3012
3013
3013
3014
3014
3015
3015
3016
3016
3017
3017
3018
3018
3019
3019
3020
3020
3021
3021
3022
3022
3023
3023
3024
3024
3025
3025
3026
3026
3027
3027
3028
3028
3029
3029
3030
3030
3031
3031
3032
3032
3033
3033
3034
3034
3035
3035
3036
3036
3037
3037
3038
3038
3039
3039
3040
3040
3041
3041
3042
3042
3043
3043
3044
3044
3045
3045
3046
3046
3047
3047
3048
3048
3049
3049
3050
3050
3051
3051
3052
3052
3053
3053
3054
3054
3055
3055
3056
3056
3057
3057
3058
3058
3059
3059
3060
3060
3061
3061
3062
3062
3063
3063
3064
3064
3065
3065
3066
3066
3067
3067
3068
3068
3069
3069
3070
3070
3071
3071
3072
3072
3073
3073
3074
3074
3075
3075
3076
3076
3077
3077
3078
3078
3079
3080
3080
3081
3081
3082
3082
3083
3083
3084
3084
3085
3085
3086
3086
3087
3087
3088
3088
3089
3089
3090
3090
3091
3091
3092
3092
3093
3093
3094
3094
3095
3095
3096
3096
3097
3097
3098
3098
3099
3099
3100
3100
3101
3101
3102
3102
3103
3103
3104
3104
3105
3105
3106
3106
3107
3107
3108
3108
3109
3109
3110
3110
3111
3111
3112
3112
3113
3113
3114
3114
3115
3115
3116
3116
3117
3117
3118
3118
3119
3119
3120
3120
3121
3121
3122
3122
3123
3123
3124
3124
3125
3125
3126
3126
3127
3127
3128
3128
3129
3129
3130
3130
3131
3131
3132
3132
3133
3133
3134
3134
3135
3135
3136
3136
3137
3137
3138
3138
3139
3139
3140
3140
3141
3141
3142
3142
3143
3143
3144
3144
3145
3145
3146
3146
3147
3147
3148
3148
3149
3150
3150
3151
3151
3152
3152
3153
3153
3154
3154
3155
3155
3156
3156
3157
3157
3158
3158
3159
3159
3160
3160
3161
3161
3162
3162
3163
3163
3164
3164
3165
3165
3166
3166
3167
3167
3168
3168
3169
3169
3170
3170
3171
3171
3172
3172
3173
3173
3174
3174
3175
3175
3176
3176
3177
3177
3178
3178
3179
3179
3180
3180
3181
3181
3182
3182
3183
3183
3184
3184
3185
3185
3186
3186
3187
3187
3188
3188
3189
3189
3190
3190
3191
3191
3192
3192
3193
3193
3194
3194
3195
3195
3196
3196
3197
3197
3198
3198
3199
3199
3200
3200
3201
3201
3202
3202
3203
3203
3204
3204
3205
3205
3206
3206
3207
3207
3208
3208
3209
3209
3210
3210
3211
3211
3212
3212
3213
3213
3214
3214
3215
3215
3216
3216
3217
3217
3218
3218
3219
3220
3220
3221
3221
3222
3222
3223
3223
3224
3224
3225
3225
3226
3226
3227
3227
3228
3228
3229
3229
3230
3230
3231
3231
3232
3232
3233
3233
3234
3234
3235
3235
3236
3236
3237
3237
3238
3238
3239
3239
3240
3240
3241
3241
3242
3242
3243
3243
3244
3244
3245
3245
3246
3246
3247
3247
3248
3248
3249
3249
3250
3250
3251
3251
3252
3252
3253
3253
3254
3254
3255
3255
3256
3256
3257
3257
3258
3258
3259
3259
3260
3260
3261
3261
3262
3262
3263
3263
3264
3264
3265
3265
3266
3266
3267
3267
3268
3268
3269
3269
3270
3270
3271
3271
3272
3272
3273
3273
3274
3274
3275
3275
3276
3276
3277
3277
3278
3278
3279
3279
3280
3280
3281
3281
3282
3282
3283
3283
3284
3284
3285
3285
3286
3286
3287
3287
3288
3288
3289
3290
3290
3291
3291
3292
3292
3293
3293
3294
3294
3295
3295
3296
3296
3297
3297
3298
3298
3299
3299
3300
3300
3301
3301
3302
3302
3303
3303
3304
3304
3305
3305
3306
3306
3307
3307
3308
3308
3309
3309
3310
3310
3311
3311
3312
3312
3313
3313
3314
3314
3315
3315
3316
3316
3317
3317
3318
3318
3319
3319
3320
3320
3321
3321
3322
3322
3323
3323
3324
3324
3325
3325
3326
3326
3327
3327
3328
3328
3329
3329
3330
3330
3331
3331
3332
3332
3333
3333
3334
3334
3335
3335
3336
3336
3337
3337
3338
3338
3339
3339
3340
3340
3341
3341
3342
3342
3343
3343
3344
3344
3345
3345
3346
3346
3347
3347
3348
3348
3349
3349
3350
3350
3351
3351
3352
3352
3353
3353
3354
3354
3355
3355
3356
3356
3357
3357
3358
3358
3359
3360
3360
3361
3361
3362
3362
3363
3363
3364
3364
3365
3365
3366
3366
3367
3367
3368
3368
3369
3369
3370
3370
3371
3371
3372
3372
3373
3373
3374
3374
3375
3375
3376
3376
3377
3377
3378
3378
3379
3379
3380
3380
3381
3381
3382
3382
3383
3383
3384
3384
3385
3385
3386
3386
3387
3387
3388
3388
3389
3389
3390
3390
3391
3391
3392
3392
3393
3393
3394
3394
3395
3395
3396
3396
3397
3397
3398
3398
3399
3399
3400
3400
3401
3401
3402
3402
3403
3403
3404
3404
3405
3405
3406
3406
3407
3407
3408
3408
3409
3409
3410
3410
3411
3411
3412
3412
3413
3413
3414
3414
3415
3415
3416
3416
3417
3417
3418
3418
3419
3419
3420
3420
3421
3421
3422
3422
3423
3423
3424
3424
3425
3425
3426
3426
3427
3427
3428
3428
3429
3430
3431
3432
3433
3434
3435
3436
3437
3438
3439
3440
3441
3442
3443
3444
3445
3446
3447
3448
3449
3450
3451
3452
3453
3454
3455
3456
3457
3458
3459
3460
3461
3462
3463
3464
3465
3466
3467
3468
3469
3470
3471
3472
3473
3474
3475
3476
3477
3478
3479
3480
3481
3482
3483
3484
3485
3486
3487
3488
3489
3490
3491
3492
3493
3494
3495
3496
3497
3498
0
70
140
210
280
350
420
490
560
630
700
770
840
910
980
1050
1120
1190
1260
1330
1400
1470
1540
1610
1680
1750
1820
1890
1960
2030
2100
2170
2240
2310
2380
2450
2520
2590
2660
2730
2800
2870
2940
3010
3080
3150
3220
3290
3360
3430
69
139
209
279
349
419
489
559
629
699
769
839
909
979
1049
1119
1189
1259
1329
1399
1469
1539
1609
1679
1749
1819
1889
1959
2029
2099
2169
2239
2309
2379
2449
2519
2589
2659
2729
2799
2869
2939
3009
3079
3149
3219
3289
3359
3429
3499
3430
3431
3432
3433
3434
3435
3436
3437
3438
3439
3440
3441
3442
3443
3444
3445
3446
3447
3448
3449
3450
3451
3452
3453
3454
3455
3456
3457
3458
3459
3460
3461
3462
3463
3464
3465
3466
3467
3468
3469
3470
3471
3472
3473
3474
3475
3476
3477
3478
3479
3480
3481
3482
3483
3484
3485
3486
3487
3488
3489
3490
3491
3492
3493
3494
3495
3496
3497
3498
3499
0
1
2
3
4
5
6
7
8
9
10
11
12
13
14
15
16
17
18
19
20
21
22
23
24
25
26
27
28
29
30
31
32
33
34
35
36
37
38
39
40
41
42
43
44
45
46
47
48
49
50
51
52
53
54
55
56
57
58
59
60
61
62
63
64
65
66
67
68
69
0
70
140
210
280
350
420
490
560
630
700
770
840
910
980
1050
1120
1190
1260
1330
1400
1470
1540
1610
1680
1750
1820
1890
1960
2030
2100
2170
2240
2310
2380
2450
2520
2590
2660
2730
2800
2870
2940
3010
3080
3150
3220
3290
3360
3430
1
71
141
211
281
351
421
491
561
631
701
771
841
911
981
1051
1121
1191
1261
1331
1401
1471
1541
1611
1681
1751
1821
1891
1961
2031
2101
2171
2241
2311
2381
2451
2521
2591
2661
2731
2801
2871
2941
3011
3081
3151
3221
3291
3361
3431
2
72
142
212
282
352
422
492
562
632
702
772
842
912
982
1052
1122
1192
1262
1332
1402
1472
1542
1612
1682
1752
1822
1892
1962
2032
2102
2172
2242
2312
2382
2452
2522
2592
2662
2732
2802
2872
2942
3012
3082
3152
3222
3292
3362
3432
3
73
143
213
283
353
423
493
563
633
703
773
843
913
983
1053
1123
1193
1263
1333
1403
1473
1543
1613
1683
1753
1823
1893
1963
2033
2103
2173
2243
2313
2383
2453
2523
2593
2663
2733
2803
2873
2943
3013
3083
3153
3223
3293
3363
3433
4
74
144
214
284
354
424
494
564
634
704
774
844
914
984
1054
1124
1194
1264
1334
1404
1474
1544
1614
1684
1754
1824
1894
1964
2034
2104
2174
2244
2314
2384
2454
2524
2594
2664
2734
2804
2874
2944
3014
3084
3154
3224
3294
3364
3434
5
75
145
215
285
355
425
495
565
635
705
775
845
915
985
1055
1125
1195
1265
1335
1405
1475
1545
1615
1685
1755
1825
1895
1965
2035
2105
2175
2245
2315
2385
2455
2525
2595
2665
2735
2805
2875
2945
3015
3085
3155
3225
3295
3365
3435
6
76
146
216
286
356
426
496
566
636
706
776
846
916
986
1056
1126
1196
1266
1336
1406
1476
1546
1616
1686
1756
1826
1896
1966
2036
2106
2176
2246
2316
2386
2456
2526
2596
2666
2736
2806
2876
2946
3016
3086
3156
3226
3296
3366
3436
7
77
147
217
287
357
427
497
567
637
707
777
847
917
987
1057
1127
1197
1267
1337
1407
1477
1547
1617
1687
1757
1827
1897
1967
2037
2107
2177
2247
2317
2387
2457
2527
2597
2667
2737
2807
2877
2947
3017
3087
3157
3227
3297
3367
3437
8
78
148
218
288
358
428
498
568
638
708
778
848
918
988
1058
1128
1198
1268
1338
1408
1478
1548
1618
1688
1758
1828
1898
1968
2038
2108
2178
2248
2318
2388
2458
2528
2598
2668
2738
2808
2878
2948
3018
3088
3158
3228
3298
3368
3438
9
79
149
219
289
359
429
499
569
639
709
779
849
919
989
1059
1129
1199
1269
1339
1409
1479
1549
1619
1689
1759
1829
1899
1969
2039
2109
2179
2249
2319
2389
2459
2529
2599
2669
2739
2809
2879
2949
3019
3089
3159
3229
3299
3369
3439
10
80
150
220
290
360
430
500
570
640
710
780
850
920
990
1060
1130
1200
1270
1340
1410
1480
1550
1620
1690
1760
1830
1900
1970
2040
2110
2180
2250
2320
2390
2460
2530
2600
2670
2740
2810
2880
2950
3020
3090
3160
3230
3300
3370
3440
11
81
151
221
291
361
431
501
571
641
711
781
851
921
991
1061
1131
1201
1271
1341
1411
1481
1551
1621
1691
1761
1831
1901
1971
2041
2111
2181
2251
2321
2391
2461
2531
2601
2671
2741
2811
2881
2951
3021
3091
3161
3231
3301
3371
3441
12
82
152
222
292
362
432
502
572
642
712
782
852
922
992
1062
1132
1202
1272
1342
1412
1482
1552
1622
1692
1762
1832
1902
1972
2042
2112
2182
2252
2322
2392
2462
2532
2602
2672
2742
2812
2882
2952
3022
3092
3162
3232
3302
3372
3442
13
83
153
223
293
363
433
503
573
643
713
783
853
923
993
1063
1133
1203
1273
1343
1413
1483
1553
1623
1693
1763
1833
1903
1973
2043
2113
2183
2253
2323
2393
2463
2533
2603
2673
2743
2813
2883
2953
3023
3093
3163
3233
3303
3373
3443
14
84
154
224
294
364
434
504
574
644
714
784
854
924
994
1064
1134
1204
1274
1344
1414
1484
1554
1624
1694
1764
1834
1904
1974
2044
2114
2184
2254
2324
2394
2464
2534
2604
2674
2744
2814
2884
2954
3024
3094
3164
3234
3304
3374
3444
15
85
155
225
295
365
435
505
575
645
715
785
855
925
995
1065
1135
1205
1275
1345
1415
1485
1555
1625
1695
1765
1835
1905
1975
2045
2115
2185
2255
2325
2395
2465
2535
2605
2675
2745
2815
2885
2955
3025
3095
3165
3235
3305
3375
3445
16
86
156
226
296
366
436
506
576
646
716
786
856
926
996
1066
1136
1206
1276
1346
1416
1486
1556
1626
1696
1766
1836
1906
1976
2046
2116
2186
2256
2326
2396
2466
2536
2606
2676
2746
2816
2886
2956
3026
3096
3166
3236
3306
3376
3446
17
87
157
227
297
367
437
507
577
647
717
787
857
927
997
1067
1137
1207
1277
1347
1417
1487
1557
1627
1697
1767
1837
1907
1977
2047
2117
2187
2257
2327
2397
2467
2537
2607
2677
2747
2817
2887
2957
3027
3097
3167
3237
3307
3377
3447
18
88
158
228
298
368
438
508
578
648
718
788
858
928
998
1068
1138
1208
1278
1348
1418
1488
1558
1628
1698
1768
1838
1908
1978
2048
2118
2188
2258
2328
2398
2468
2538
2608
2678
2748
2818
2888
2958
3028
3098
3168
3238
3308
3378
3448
19
89
159
229
299
369
439
509
579
649
719
789
859
929
999
1069
1139
1209
1279
1349
1419
1489
1559
1629
1699
1769
1839
1909
1979
2049
2119
2189
2259
2329
2399
2469
2539
2609
2679
2749
2819
2889
2959
3029
3099
3169
3239
3309
3379
3449
20
90
160
230
300
370
440
510
580
650
720
790
860
930
1000
1070
1140
1210
1280
1350
1420
1490
1560
1630
1700
1770
1840
1910
1980
2050
2120
2190
2260
2330
2400
2470
2540
2610
2680
2750
2820
2890
2960
3030
3100
3170
3240
3310
3380
3450
21
91
161
231
301
371
441
511
581
651
721
791
861
931
1001
1071
1141
1211
1281
1351
1421
1491
1561
1631
1701
1771
1841
1911
1981
2051
2121
2191
2261
2331
2401
2471
2541
2611
2681
2751
2821
2891
2961
3031
3101
3171
3241
3311
3381
3451
22
92
162
232
302
372
442
512
582
652
722
792
862
932
1002
1072
1142
1212
1282
1352
1422
1492
1562
1632
1702
1772
1842
1912
1982
2052
2122
2192
2262
2332
2402
2472
2542
2612
2682
2752
2822
2892
2962
3032
3102
3172
3242
3312
3382
3452
23
93
163
233
303
373
443
513
583
653
723
793
863
933
1003
1073
1143
1213
1283
1353
1423
1493
1563
1633
1703
1773
1843
1913
1983
2053
2123
2193
2263
2333
2403
2473
2543
2613
2683
2753
2823
2893
2963
3033
3103
3173
3243
3313
3383
3453
24
94
164
234
304
374
444
514
584
654
724
794
864
934
1004
1074
1144
1214
1284
1354
1424
1494
1564
1634
1704
1774
1844
1914
1984
2054
2124
2194
2264
2334
2404
2474
2544
2614
2684
2754
2824
2894
2964
3034
3104
3174
3244
3314
3384
3454
25
95
165
235
305
375
445
515
585
655
725
795
865
935
1005
1075
1145
1215
1285
1355
1425
1495
1565
1635
1705
1775
1845
1915
1985
2055
2125
2195
2265
2335
2405
2475
2545
2615
2685
2755
2825
2895
2965
3035
3105
3175
3245
3315
3385
3455
26
96
166
236
306
376
446
516
586
656
726
796
866
936
1006
1076
1146
1216
1286
1356
1426
1496
1566
1636
1706
1776
1846
1916
1986
2056
2126
2196
2266
2336
2406
2476
2546
2616
2686
2756
2826
2896
2966
3036
3106
3176
3246
3316
3386
3456
27
97
167
237
307
377
447
517
587
657
727
797
867
937
1007
1077
1147
1217
1287
1357
1427
1497
1567
1637
1707
1777
1847
1917
1987
2057
2127
2197
2267
2337
2407
2477
2547
2617
2687
2757
2827
2897
2967
3037
3107
3177
3247
3317
3387
3457
28
98
168
238
308
378
448
518
588
658
728
798
868
938
1008
1078
1148
1218
1288
1358
1428
1498
1568
1638
1708
1778
1848
1918
1988
2058
2128
2198
2268
2338
2408
2478
2548
2618
2688
2758
2828
2898
2968
3038
3108
3178
3248
3318
3388
3458
29
99
169
239
309
379
449
519
589
659
729
799
869
939
1009
1079
1149
1219
1289
1359
1429
1499
1569
1639
1709
1779
1849
1919
1989
2059
2129
2199
2269
2339
2409
2479
2549
2619
2689
2759
2829
2899
2969
3039
3109
3179
3249
3319
3389
3459
30
100
170
240
310
380
450
520
590
660
730
800
870
940
1010
1080
1150
1220
1290
1360
1430
1500
1570
1640
1710
1780
1850
1920
1990
2060
2130
2200
2270
2340
2410
2480
2550
2620
2690
2760
2830
2900
2970
3040
3110
3180
3250
3320
3390
3460
31
101
171
241
311
381
451
521
591
661
731
801
871
941
1011
1081
1151
1221
1291
1361
1431
1501
1571
1641
1711
1781
1851
1921
1991
2061
2131
2201
2271
2341
2411
2481
2551
2621
2691
2761
2831
2901
2971
3041
3111
3181
3251
3321
3391
3461
32
102
172
242
312
382
452
522
592
662
732
802
872
942
1012
1082
1152
1222
1292
1362
1432
1502
1572
1642
1712
1782
1852
1922
1992
2062
2132
2202
2272
2342
2412
2482
2552
2622
2692
2762
2832
2902
2972
3042
3112
3182
3252
3322
3392
3462
33
103
173
243
313
383
453
523
593
663
733
803
873
943
1013
1083
1153
1223
1293
1363
1433
1503
1573
1643
1713
1783
1853
1923
1993
2063
2133
2203
2273
2343
2413
2483
2553
2623
2693
2763
2833
2903
2973
3043
3113
3183
3253
3323
3393
3463
34
104
174
244
314
384
454
524
594
664
734
804
874
944
1014
1084
1154
1224
1294
1364
1434
1504
1574
1644
1714
1784
1854
1924
1994
2064
2134
2204
2274
2344
2414
2484
2554
2624
2694
2764
2834
2904
2974
3044
3114
3184
3254
3324
3394
3464
35
105
175
245
315
385
455
525
595
665
735
805
875
945
1015
1085
1155
1225
1295
1365
1435
1505
1575
1645
1715
1785
1855
1925
1995
2065
2135
2205
2275
2345
2415
2485
2555
2625
2695
2765
2835
2905
2975
3045
3115
3185
3255
3325
3395
3465
36
106
176
246
316
386
456
526
596
666
736
806
876
946
1016
1086
1156
1226
1296
1366
1436
1506
1576
1646
1716
1786
1856
1926
1996
2066
2136
2206
2276
2346
2416
2486
2556
2626
2696
2766
2836
2906
2976
3046
3116
3186
3256
3326
3396
3466
37
107
177
247
317
387
457
527
597
667
737
807
877
947
1017
1087
1157
1227
1297
1367
1437
1507
1577
1647
1717
1787
1857
1927
1997
2067
2137
2207
2277
2347
2417
2487
2557
2627
2697
2767
2837
2907
2977
3047
3117
3187
3257
3327
3397
3467
38
108
178
248
318
388
458
528
598
668
738
808
878
948
1018
1088
1158
1228
1298
1368
1438
1508
1578
1648
1718
1788
1858
1928
1998
2068
2138
2208
2278
2348
2418
2488
2558
2628
2698
2768
2838
2908
2978
3048
3118
3188
3258
3328
3398
3468
39
109
179
249
319
389
459
529
599
669
739
809
879
949
1019
1089
1159
1229
1299
1369
1439
1509
1579
1649
1719
1789
1859
1929
1999
2069
2139
2209
2279
2349
2419
2489
2559
2629
2699
2769
2839
2909
2979
3049
3119
3189
3259
3329
3399
3469
40
110
180
250
320
390
460
530
600
670
740
810
880
950
1020
1090
1160
1230
1300
1370
1440
1510
1580
1650
1720
1790
1860
1930
2000
2070
2140
2210
2280
2350
2420
2490
2560
2630
2700
2770
2840
2910
2980
3050
3120
3190
3260
3330
3400
3470
41
111
181
251
321
391
461
531
601
671
741
811
881
951
1021
1091
1161
1231
1301
1371
1441
1511
1581
1651
1721
1791
1861
1931
2001
2071
2141
2211
2281
2351
2421
2491
2561
2631
2701
2771
2841
2911
2981
3051
3121
3191
3261
3331
3401
3471
42
112
182
252
322
392
462
532
602
672
742
812
882
952
1022
1092
1162
1232
1302
1372
1442
1512
1582
1652
1722
1792
1862
1932
2002
2072
2142
2212
2282
2352
2422
2492
2562
2632
2702
2772
2842
2912
2982
3052
3122
3192
3262
3332
3402
3472
43
113
183
253
323
393
463
533
603
673
743
813
883
953
1023
1093
1163
1233
1303
1373
1443
1513
1583
1653
1723
1793
1863
1933
2003
2073
2143
2213
2283
2353
2423
2493
2563
2633
2703
2773
2843
2913
2983
3053
3123
3193
3263
3333
3403
3473
44
114
184
254
324
394
464
534
604
674
744
814
884
954
1024
1094
1164
1234
1304
1374
1444
1514
1584
1654
1724
1794
1864
1934
2004
2074
2144
2214
2284
2354
2424
2494
2564
2634
2704
2774
2844
2914
2984
3054
3124
3194
3264
3334
3404
3474
45
115
185
255
325
395
465
535
605
675
745
815
885
955
1025
1095
1165
1235
1305
1375
1445
1515
1585
1655
1725
1795
1865
1935
2005
2075
2145
2215
2285
2355
2425
2495
2565
2635
2705
2775
2845
2915
2985
3055
3125
3195
3265
3335
3405
3475
46
116
186
256
326
396
466
536
606
676
746
816
886
956
1026
1096
1166
1236
1306
1376
1446
1516
1586
1656
1726
1796
1866
1936
2006
2076
2146
2216
2286
2356
2426
2496
2566
2636
2706
2776
2846
2916
2986
3056
3126
3196
3266
3336
3406
3476
47
117
187
257
327
397
467
537
607
677
747
817
887
957
1027
1097
1167
1237
1307
1377
1447
1517
1587
1657
1727
1797
1867
1937
2007
2077
2147
2217
2287
2357
2427
2497
2567
2637
2707
2777
2847
2917
2987
3057
3127
3197
3267
3337
3407
3477
48
118
188
258
328
398
468
538
608
678
748
818
888
958
1028
1098
1168
1238
1308
1378
1448
1518
1588
1658
1728
1798
1868
1938
2008
2078
2148
2218
2288
2358
2428
2498
2568
2638
2708
2778
2848
2918
2988
3058
3128
3198
3268
3338
3408
3478
49
119
189
259
329
399
469
539
609
679
749
819
889
959
1029
1099
1169
1239
1309
1379
1449
1519
1589
1659
1729
1799
1869
1939
2009
2079
2149
2219
2289
2359
2429
2499
2569
2639
2709
2779
2849
2919
2989
3059
3129
3199
3269
3339
3409
3479
50
120
190
260
330
400
470
540
610
680
750
820
890
960
1030
1100
1170
1240
1310
1380
1450
1520
1590
1660
1730
1800
1870
1940
2010
2080
2150
2220
2290
2360
2430
2500
2570
2640
2710
2780
2850
2920
2990
3060
3130
3200
3270
3340
3410
3480
51
121
191
261
331
401
471
541
611
681
751
821
891
961
1031
1101
1171
1241
1311
1381
1451
1521
1591
1661
1731
1801
1871
1941
2011
2081
2151
2221
2291
2361
2431
2501
2571
2641
2711
2781
2851
2921
2991
3061
3131
3201
3271
3341
3411
3481
52
122
192
262
332
402
472
542
612
682
752
822
892
962
1032
1102
1172
1242
1312
1382
1452
1522
1592
1662
1732
1802
1872
1942
2012
2082
2152
2222
2292
2362
2432
2502
2572
2642
2712
2782
2852
2922
2992
3062
3132
3202
3272
3342
3412
3482
53
123
193
263
333
403
473
543
613
683
753
823
893
963
1033
1103
1173
1243
1313
1383
1453
1523
1593
1663
1733
1803
1873
1943
2013
2083
2153
2223
2293
2363
2433
2503
2573
2643
2713
2783
2853
2923
2993
3063
3133
3203
3273
3343
3413
3483
54
124
194
264
334
404
474
544
614
684
754
824
894
964
1034
1104
1174
1244
1314
1384
1454
1524
1594
1664
1734
1804
1874
1944
2014
2084
2154
2224
2294
2364
2434
2504
2574
2644
2714
2784
2854
2924
2994
3064
3134
3204
3274
3344
3414
3484
55
125
195
265
335
405
475
545
615
685
755
825
895
965
1035
1105
1175
1245
1315
1385
1455
1525
1595
1665
1735
1805
1875
1945
2015
2085
2155
2225
2295
2365
2435
2505
2575
2645
2715
2785
2855
2925
2995
3065
3135
3205
3275
3345
3415
3485
56
126
196
266
336
406
476
546
616
686
756
826
896
966
1036
1106
1176
1246
1316
1386
1456
1526
1596
1666
1736
1806
1876
1946
2016
2086
2156
2226
2296
2366
2436
2506
2576
2646
2716
2786
2856
2926
2996
3066
3136
3206
3276
3346
3416
3486
57
127
197
267
337
407
477
547
617
687
757
827
897
967
1037
1107
1177
1247
1317
1387
1457
1527
1597
1667
1737
1807
1877
1947
2017
2087
2157
2227
2297
2367
2437
2507
2577
2647
2717
2787
2857
2927
2997
3067
3137
3207
3277
3347
3417
3487
58
128
198
268
338
408
478
548
618
688
758
828
898
968
1038
1108
1178
1248
1318
1388
1458
1528
1598
1668
1738
1808
1878
1948
2018
2088
2158
2228
2298
2368
2438
2508
2578
2648
2718
2788
2858
2928
2998
3068
3138
3208
3278
3348
3418
3488
59
129
199
269
339
409
479
549
619
689
759
829
899
969
1039
1109
1179
1249
1319
1389
1459
1529
1599
1669
1739
1809
1879
1949
2019
2089
2159
2229
2299
2369
2439
2509
2579
2649
2719
2789
2859
2929
2999
3069
3139
3209
3279
3349
3419
3489
60
130
200
270
340
410
480
550
620
690
760
830
900
970
1040
1110
1180
1250
1320
1390
1460
1530
1600
1670
1740
1810
1880
1950
2020
2090
2160
2230
2300
2370
2440
2510
2580
2650
2720
2790
2860
2930
3000
3070
3140
3210
3280
3350
3420
3490
61
131
201
271
341
411
481
551
621
691
761
831
901
971
1041
1111
1181
1251
1321
1391
1461
1531
1601
1671
1741
1811
1881
1951
2021
2091
2161
2231
2301
2371
2441
2511
2581
2651
2721
2791
2861
2931
3001
3071
3141
3211
3281
3351
3421
3491
62
132
202
272
342
412
482
552
622
692
762
832
902
972
1042
1112
1182
1252
1322
1392
1462
1532
1602
1672
1742
1812
1882
1952
2022
2092
2162
2232
2302
2372
2442
2512
2582
2652
2722
2792
2862
2932
3002
3072
3142
3212
3282
3352
3422
3492
63
133
203
273
343
413
483
553
623
693
763
833
903
973
1043
1113
1183
1253
1323
1393
1463
1533
1603
1673
1743
1813
1883
1953
2023
2093
2163
2233
2303
2373
2443
2513
2583
2653
2723
2793
2863
2933
3003
3073
3143
3213
3283
3353
3423
3493
64
134
204
274
344
414
484
554
624
694
764
834
904
974
1044
1114
1184
1254
1324
1394
1464
1534
1604
1674
1744
1814
1884
1954
2024
2094
2164
2234
2304
2374
2444
2514
2584
2654
2724
2794
2864
2934
3004
3074
3144
3214
3284
3354
3424
3494
65
135
205
275
345
415
485
555
625
695
765
835
905
975
1045
1115
1185
1255
1325
1395
1465
1535
1605
1675
1745
1815
1885
1955
2025
2095
2165
2235
2305
2375
2445
2515
2585
2655
2725
2795
2865
2935
3005
3075
3145
3215
3285
3355
3425
3495
66
136
206
276
346
416
486
556
626
696
766
836
906
976
1046
1116
1186
1256
1326
1396
1466
1536
1606
1676
1746
1816
1886
1956
2026
2096
2166
2236
2306
2376
2446
2516
2586
2656
2726
2796
2866
2936
3006
3076
3146
3216
3286
3356
3426
3496
67
137
207
277
347
417
487
557
627
697
767
837
907
977
1047
1117
1187
1257
1327
1397
1467
1537
1607
1677
1747
1817
1887
1957
2027
2097
2167
2237
2307
2377
2447
2517
2587
2657
2727
2797
2867
2937
3007
3077
3147
3217
3287
3357
3427
3497
68
138
208
278
348
418
488
558
628
698
768
838
908
978
1048
1118
1188
1258
1328
1398
1468
1538
1608
1678
1748
1818
1888
1958
2028
2098
2168
2238
2308
2378
2448
2518
2588
2658
2728
2798
2868
2938
3008
3078
3148
3218
3288
3358
3428
3498
69
139
209
279
349
419
489
559
629
699
769
839
909
979
1049
1119
1189
1259
1329
1399
1469
1539
1609
1679
1749
1819
1889
1959
2029
2099
2169
2239
2309
2379
2449
2519
2589
2659
2729
2799
2869
2939
3009
3079
3149
3219
3289
3359
3429
3499
0
70
140
210
280
350
420
490
560
630
700
770
840
910
980
1050
1120
1190
1260
1330
1400
1470
1540
1610
1680
1750
1820
1890
1960
2030
2100
2170
2240
2310
2380
2450
2520
2590
2660
2730
2800
2870
2940
3010
3080
3150
3220
3290
3360
3430
1
71
141
211
281
351
421
491
561
631
701
771
841
911
981
1051
1121
1191
1261
1331
1401
1471
1541
1611
1681
1751
1821
1891
1961
2031
2101
2171
2241
2311
2381
2451
2521
2591
2661
2731
2801
2871
2941
3011
3081
3151
3221
3291
3361
3431
2
72
142
212
282
352
422
492
562
632
702
772
842
912
982
1052
1122
1192
1262
1332
1402
1472
1542
1612
1682
1752
1822
1892
1962
2032
2102
2172
2242
2312
2382
2452
2522
2592
2662
2732
2802
2872
2942
3012
3082
3152
3222
3292
3362
3432
3
73
143
213
283
353
423
493
563
633
703
773
843
913
983
1053
1123
1193
1263
1333
1403
1473
1543
1613
1683
1753
1823
1893
1963
2033
2103
2173
2243
2313
2383
2453
2523
2593
2663
2733
2803
2873
2943
3013
3083
3153
3223
3293
3363
3433
4
74
144
214
284
354
424
494
564
634
704
774
844
914
984
1054
1124
1194
1264
1334
1404
1474
1544
1614
1684
1754
1824
1894
1964
2034
2104
2174
2244
2314
2384
2454
2524
2594
2664
2734
2804
2874
2944
3014
3084
3154
3224
3294
3364
3434
5
75
145
215
285
355
425
495
565
635
705
775
845
915
985
1055
1125
1195
1265
1335
1405
1475
1545
1615
1685
1755
1825
1895
1965
2035
2105
2175
2245
2315
2385
2455
2525
2595
2665
2735
2805
2875
2945
3015
3085
3155
3225
3295
3365
3435
6
76
146
216
286
356
426
496
566
636
706
776
846
916
986
1056
1126
1196
1266
1336
1406
1476
1546
1616
1686
1756
1826
1896
1966
2036
2106
2176
2246
2316
2386
2456
2526
2596
2666
2736
2806
2876
2946
3016
3086
3156
3226
3296
3366
3436
7
77
147
217
287
357
427
497
567
637
707
777
847
917
987
1057
1127
1197
1267
1337
1407
1477
1547
1617
1687
1757
1827
1897
1967
2037
2107
2177
2247
2317
2387
2457
2527
2597
2667
2737
2807
2877
2947
3017
3087
3157
3227
3297
3367
3437
8
78
148
218
288
358
428
498
568
638
708
778
848
918
988
1058
1128
1198
1268
1338
1408
1478
1548
1618
1688
1758
1828
1898
1968
2038
2108
2178
2248
2318
2388
2458
2528
2598
2668
2738
2808
2878
2948
3018
3088
3158
3228
3298
3368
3438
9
79
149
219
289
359
429
499
569
639
709
779
849
919
989
1059
1129
1199
1269
1339
1409
1479
1549
1619
1689
1759
1829
1899
1969
2039
2109
2179
2249
2319
2389
2459
2529
2599
2669
2739
2809
2879
2949
3019
3089
3159
3229
3299
3369
3439
10
80
150
220
290
360
430
500
570
640
710
780
850
920
990
1060
1130
1200
1270
1340
1410
1480
1550
1620
1690
1760
1830
1900
1970
2040
2110
2180
2250
2320
2390
2460
2530
2600
2670
2740
2810
2880
2950
3020
3090
3160
3230
3300
3370
3440
11
81
151
221
291
361
431
501
571
641
711
781
851
921
991
1061
1131
1201
1271
1341
1411
1481
1551
1621
1691
1761
1831
1901
1971
2041
2111
2181
2251
2321
2391
2461
2531
2601
2671
2741
2811
2881
2951
3021
3091
3161
3231
3301
3371
3441
12
82
152
222
292
362
432
502
572
642
712
782
852
922
992
1062
1132
1202
1272
1342
1412
1482
1552
1622
1692
1762
1832
1902
1972
2042
2112
2182
2252
2322
2392
2462
2532
2602
2672
2742
2812
2882
2952
3022
3092
3162
3232
3302
3372
3442
13
83
153
223
293
363
433
503
573
643
713
783
853
923
993
1063
1133
1203
1273
1343
1413
1483
1553
1623
1693
1763
1833
1903
1973
2043
2113
2183
2253
2323
2393
2463
2533
2603
2673
2743
2813
2883
2953
3023
3093
3163
3233
3303
3373
3443
14
84
154
224
294
364
434
504
574
644
714
784
854
924
994
1064
1134
1204
1274
1344
1414
1484
1554
1624
1694
1764
1834
1904
1974
2044
2114
2184
2254
2324
2394
2464
2534
2604
2674
2744
2814
2884
2954
3024
3094
3164
3234
3304
3374
3444
15
85
155
225
295
365
435
505
575
645
715
785
855
925
995
1065
1135
1205
1275
1345
1415
1485
1555
1625
1695
1765
1835
1905
1975
2045
2115
2185
2255
2325
2395
2465
2535
2605
2675
2745
2815
2885
2955
3025
3095
3165
3235
3305
3375
3445
16
86
156
226
296
366
436
506
576
646
716
786
856
926
996
1066
1136
1206
1276
1346
1416
1486
1556
1626
1696
1766
1836
1906
1976
2046
2116
2186
2256
2326
2396
2466
2536
2606
2676
2746
2816
2886
2956
3026
3096
3166
3236
3306
3376
3446
17
87
157
227
297
367
437
507
577
647
717
787
857
927
997
1067
1137
1207
1277
1347
1417
1487
1557
1627
1697
1767
1837
1907
1977
2047
2117
2187
2257
2327
2397
2467
2537
2607
2677
2747
2817
2887
2957
3027
3097
3167
3237
3307
3377
3447
18
88
158
228
298
368
438
508
578
648
718
788
858
928
998
1068
1138
1208
1278
1348
1418
1488
1558
1628
1698
1768
1838
1908
1978
2048
2118
2188
2258
2328
2398
2468
2538
2608
2678
2748
2818
2888
2958
3028
3098
3168
3238
3308
3378
3448
19
89
159
229
299
369
439
509
579
649
719
789
859
929
999
1069
1139
1209
1279
1349
1419
1489
1559
1629
1699
1769
1839
1909
1979
2049
2119
2189
2259
2329
2399
2469
2539
2609
2679
2749
2819
2889
2959
3029
3099
3169
3239
3309
3379
3449
20
90
160
230
300
370
440
510
580
650
720
790
860
930
1000
1070
1140
1210
1280
1350
1420
1490
1560
1630
1700
1770
1840
1910
1980
2050
2120
2190
2260
2330
2400
2470
2540
2610
2680
2750
2820
2890
2960
3030
3100
3170
3240
3310
3380
3450
21
91
161
231
301
371
441
511
581
651
721
791
861
931
1001
1071
1141
1211
1281
1351
1421
1491
1561
1631
1701
1771
1841
1911
1981
2051
2121
2191
2261
2331
2401
2471
2541
2611
2681
2751
2821
2891
2961
3031
3101
3171
3241
3311
3381
3451
22
92
162
232
302
372
442
512
582
652
722
792
862
932
1002
1072
1142
1212
1282
1352
1422
1492
1562
1632
1702
1772
1842
1912
1982
2052
2122
2192
2262
2332
2402
2472
2542
2612
2682
2752
2822
2892
2962
3032
3102
3172
3242
3312
3382
3452
23
93
163
233
303
373
443
513
583
653
723
793
863
933
1003
1073
1143
1213
1283
1353
1423
1493
1563
1633
1703
1773
1843
1913
1983
2053
2123
2193
2263
2333
2403
2473
2543
2613
2683
2753
2823
2893
2963
3033
3103
3173
3243
3313
3383
3453
24
94
164
234
304
374
444
514
584
654
724
794
864
934
1004
1074
1144
1214
1284
1354
1424
1494
1564
1634
1704
1774
1844
1914
1984
2054
2124
2194
2264
2334
2404
2474
2544
2614
2684
2754
2824
2894
2964
3034
3104
3174
3244
3314
3384
3454
25
95
165
235
305
375
445
515
585
655
725
795
865
935
1005
1075
1145
1215
1285
1355
1425
1495
1565
1635
1705
1775
1845
1915
1985
2055
2125
2195
2265
2335
2405
2475
2545
2615
2685
2755
2825
2895
2965
3035
3105
3175
3245
3315
3385
3455
26
96
166
236
306
376
446
516
586
656
726
796
866
936
1006
1076
1146
1216
1286
1356
1426
1496
1566
1636
1706
1776
1846
1916
1986
2056
2126
2196
2266
2336
2406
2476
2546
2616
2686
2756
2826
2896
2966
3036
3106
3176
3246
3316
3386
3456
27
97
167
237
307
377
447
517
587
657
727
797
867
937
1007
1077
1147
1217
1287
1357
1427
1497
1567
1637
1707
1777
1847
1917
1987
2057
2127
2197
2267
2337
2407
2477
2547
2617
2687
2757
2827
2897
2967
3037
3107
3177
3247
3317
3387
3457
28
98
168
238
308
378
448
518
588
658
728
798
868
938
1008
1078
1148
1218
1288
1358
1428
1498
1568
1638
1708
1778
1848
1918
1988
2058
2128
2198
2268
2338
2408
2478
2548
2618
2688
2758
2828
2898
2968
3038
3108
3178
3248
3318
3388
3458
29
99
169
239
309
379
449
519
589
659
729
799
869
939
1009
1079
1149
1219
1289
1359
1429
1499
1569
1639
1709
1779
1849
1919
1989
2059
2129
2199
2269
2339
2409
2479
2549
2619
2689
2759
2829
2899
2969
3039
3109
3179
3249
3319
3389
3459
30
100
170
240
310
380
450
520
590
660
730
800
870
940
1010
1080
1150
1220
1290
1360
1430
1500
1570
1640
1710
1780
1850
1920
1990
2060
2130
2200
2270
2340
2410
2480
2550
2620
2690
2760
2830
2900
2970
3040
3110
3180
3250
3320
3390
3460
31
101
171
241
311
381
451
521
591
661
731
801
871
941
1011
1081
1151
1221
1291
1361
1431
1501
1571
1641
1711
1781
1851
1921
1991
2061
2131
2201
2271
2341
2411
2481
2551
2621
2691
2761
2831
2901
2971
3041
3111
3181
3251
3321
3391
3461
32
102
172
242
312
382
452
522
592
662
732
802
872
942
1012
1082
1152
1222
1292
1362
1432
1502
1572
1642
1712
1782
1852
1922
1992
2062
2132
2202
2272
2342
2412
2482
2552
2622
2692
2762
2832
2902
2972
3042
3112
3182
3252
3322
3392
3462
33
103
173
243
313
383
453
523
593
663
733
803
873
943
1013
1083
1153
1223
1293
1363
1433
1503
1573
1643
1713
1783
1853
1923
1993
2063
2133
2203
2273
2343
2413
2483
2553
2623
2693
2763
2833
2903
2973
3043
3113
3183
3253
3323
3393
3463
34
104
174
244
314
384
454
524
594
664
734
804
874
944
1014
1084
1154
1224
1294
1364
1434
1504
1574
1644
1714
1784
1854
1924
1994
2064
2134
2204
2274
2344
2414
2484
2554
2624
2694
2764
2834
2904
2974
3044
3114
3184
3254
3324
3394
3464
35
105
175
245
315
385
455
525
595
665
735
805
875
945
1015
1085
1155
1225
1295
1365
1435
1505
1575
1645
1715
1785
1855
1925
1995
2065
2135
2205
2275
2345
2415
2485
2555
2625
2695
2765
2835
2905
2975
3045
3115
3185
3255
3325
3395
3465
36
106
176
246
316
386
456
526
596
666
736
806
876
946
1016
1086
1156
1226
1296
1366
1436
1506
1576
1646
1716
1786
1856
1926
1996
2066
2136
2206
2276
2346
2416
2486
2556
2626
2696
2766
2836
2906
2976
3046
3116
3186
3256
3326
3396
3466
37
107
177
247
317
387
457
527
597
667
737
807
877
947
1017
1087
1157
1227
1297
1367
1437
1507
1577
1647
1717
1787
1857
1927
1997
2067
2137
2207
2277
2347
2417
2487
2557
2627
2697
2767
2837
2907
2977
3047
3117
3187
3257
3327
3397
3467
38
108
178
248
318
388
458
528
598
668
738
808
878
948
1018
1088
1158
1228
1298
1368
1438
1508
1578
1648
1718
1788
1858
1928
1998
2068
2138
2208
2278
2348
2418
2488
2558
2628
2698
2768
2838
2908
2978
3048
3118
3188
3258
3328
3398
3468
39
109
179
249
319
389
459
529
599
669
739
809
879
949
1019
1089
1159
1229
1299
1369
1439
1509
1579
1649
1719
1789
1859
1929
1999
2069
2139
2209
2279
2349
2419
2489
2559
2629
2699
2769
2839
2909
2979
3049
3119
3189
3259
3329
3399
3469
40
110
180
250
320
390
460
530
600
670
740
810
880
950
1020
1090
1160
1230
1300
1370
1440
1510
1580
1650
1720
1790
1860
1930
2000
2070
2140
2210
2280
2350
2420
2490
2560
2630
2700
2770
2840
2910
2980
3050
3120
3190
3260
3330
3400
3470
41
111
181
251
321
391
461
531
601
671
741
811
881
951
1021
1091
1161
1231
1301
1371
1441
1511
1581
1651
1721
1791
1861
1931
2001
2071
2141
2211
2281
2351
2421
2491
2561
2631
2701
2771
2841
2911
2981
3051
3121
3191
3261
3331
3401
3471
42
112
182
252
322
392
462
532
602
672
742
812
882
952
1022
1092
1162
1232
1302
1372
1442
1512
1582
1652
1722
1792
1862
1932
2002
2072
2142
2212
2282
2352
2422
2492
2562
2632
2702
2772
2842
2912
2982
3052
3122
3192
3262
3332
3402
3472
43
113
183
253
323
393
463
533
603
673
743
813
883
953
1023
1093
1163
1233
1303
1373
1443
1513
1583
1653
1723
1793
1863
1933
2003
2073
2143
2213
2283
2353
2423
2493
2563
2633
2703
2773
2843
2913
2983
3053
3123
3193
3263
3333
3403
3473
44
114
184
254
324
394
464
534
604
674
744
814
884
954
1024
1094
1164
1234
1304
1374
1444
1514
1584
1654
1724
1794
1864
1934
2004
2074
2144
2214
2284
2354
2424
2494
2564
2634
2704
2774
2844
2914
2984
3054
3124
3194
3264
3334
3404
3474
45
115
185
255
325
395
465
535
605
675
745
815
885
955
1025
1095
1165
1235
1305
1375
1445
1515
1585
1655
1725
1795
1865
1935
2005
2075
2145
2215
2285
2355
2425
2495
2565
2635
2705
2775
2845
2915
2985
3055
3125
3195
3265
3335
3405
3475
46
116
186
256
326
396
466
536
606
676
746
816
886
956
1026
1096
1166
1236
1306
1376
1446
1516
1586
1656
1726
1796
1866
1936
2006
2076
2146
2216
2286
2356
2426
2496
2566
2636
2706
2776
2846
2916
2986
3056
3126
3196
3266
3336
3406
3476
47
117
187
257
327
397
467
537
607
677
747
817
887
957
1027
1097
1167
1237
1307
1377
1447
1517
1587
1657
1727
1797
1867
1937
2007
2077
2147
2217
2287
2357
2427
2497
2567
2637
2707
2777
2847
2917
2987
3057
3127
3197
3267
3337
3407
3477
48
118
188
258
328
398
468
538
608
678
748
818
888
958
1028
1098
1168
1238
1308
1378
1448
1518
1588
1658
1728
1798
1868
1938
2008
2078
2148
2218
2288
2358
2428
2498
2568
2638
2708
2778
2848
2918
2988
3058
3128
3198
3268
3338
3408
3478
49
119
189
259
329
399
469
539
609
679
749
819
889
959
1029
1099
1169
1239
1309
1379
1449
1519
1589
1659
1729
1799
1869
1939
2009
2079
2149
2219
2289
2359
2429
2499
2569
2639
2709
2779
2849
2919
2989
3059
3129
3199
3269
3339
3409
3479
50
120
190
260
330
400
470
540
610
680
750
820
890
960
1030
1100
1170
1240
1310
1380
1450
1520
1590
1660
1730
1800
1870
1940
2010
2080
2150
2220
2290
2360
2430
2500
2570
2640
2710
2780
2850
2920
2990
3060
3130
3200
3270
3340
3410
3480
51
121
191
261
331
401
471
541
611
681
751
821
891
961
1031
1101
1171
1241
1311
1381
1451
1521
1591
1661
1731
1801
1871
1941
2011
2081
2151
2221
2291
2361
2431
2501
2571
2641
2711
2781
2851
2921
2991
3061
3131
3201
3271
3341
3411
3481
52
122
192
262
332
402
472
542
612
682
752
822
892
962
1032
1102
1172
1242
1312
1382
1452
1522
1592
1662
1732
1802
1872
1942
2012
2082
2152
2222
2292
2362
2432
2502
2572
2642
2712
2782
2852
2922
2992
3062
3132
3202
3272
3342
3412
3482
53
123
193
263
333
403
473
543
613
683
753
823
893
963
1033
1103
1173
1243
1313
1383
1453
1523
1593
1663
1733
1803
1873
1943
2013
2083
2153
2223
2293
2363
2433
2503
2573
2643
2713
2783
2853
2923
2993
3063
3133
3203
3273
3343
3413
3483
54
124
194
264
334
404
474
544
614
684
754
824
894
964
1034
1104
1174
1244
1314
1384
1454
1524
1594
1664
1734
1804
1874
1944
2014
2084
2154
2224
2294
2364
2434
2504
2574
2644
2714
2784
2854
2924
2994
3064
3134
3204
3274
3344
3414
3484
55
125
195
265
335
405
475
545
615
685
755
825
895
965
1035
1105
1175
1245
1315
1385
1455
1525
1595
1665
1735
1805
1875
1945
2015
2085
2155
2225
2295
2365
2435
2505
2575
2645
2715
2785
2855
2925
2995
3065
3135
3205
3275
3345
3415
3485
56
126
196
266
336
406
476
546
616
686
756
826
896
966
1036
1106
1176
1246
1316
1386
1456
1526
1596
1666
1736
1806
1876
1946
2016
2086
2156
2226
2296
2366
2436
2506
2576
2646
2716
2786
2856
2926
2996
3066
3136
3206
3276
3346
3416
3486
57
127
197
267
337
407
477
547
617
687
757
827
897
967
1037
1107
1177
1247
1317
1387
1457
1527
1597
1667
1737
1807
1877
1947
2017
2087
2157
2227
2297
2367
2437
2507
2577
2647
2717
2787
2857
2927
2997
3067
3137
3207
3277
3347
3417
3487
58
128
198
268
338
408
478
548
618
688
758
828
898
968
1038
1108
1178
1248
1318
1388
1458
1528
1598
1668
1738
1808
1878
1948
2018
2088
2158
2228
2298
2368
2438
2508
2578
2648
2718
2788
2858
2928
2998
3068
3138
3208
3278
3348
3418
3488
59
129
199
269
339
409
479
549
619
689
759
829
899
969
1039
1109
1179
1249
1319
1389
1459
1529
1599
1669
1739
1809
1879
1949
2019
2089
2159
2229
2299
2369
2439
2509
2579
2649
2719
2789
2859
2929
2999
3069
3139
3209
3279
3349
3419
3489
60
130
200
270
340
410
480
550
620
690
760
830
900
970
1040
1110
1180
1250
1320
1390
1460
1530
1600
1670
1740
1810
1880
1950
2020
2090
2160
2230
2300
2370
2440
2510
2580
2650
2720
2790
2860
2930
3000
3070
3140
3210
3280
3350
3420
3490
61
131
201
271
341
411
481
551
621
691
761
831
901
971
1041
1111
1181
1251
1321
1391
1461
1531
1601
1671
1741
1811
1881
1951
2021
2091
2161
2231
2301
2371
2441
2511
2581
2651
2721
2791
2861
2931
3001
3071
3141
3211
3281
3351
3421
3491
62
132
202
272
342
412
482
552
622
692
762
832
902
972
1042
1112
1182
1252
1322
1392
1462
1532
1602
1672
1742
1812
1882
1952
2022
2092
2162
2232
2302
2372
2442
2512
2582
2652
2722
2792
2862
2932
3002
3072
3142
3212
3282
3352
3422
3492
63
133
203
273
343
413
483
553
623
693
763
833
903
973
1043
1113
1183
1253
1323
1393
1463
1533
1603
1673
1743
1813
1883
1953
2023
2093
2163
2233
2303
2373
2443
2513
2583
2653
2723
2793
2863
2933
3003
3073
3143
3213
3283
3353
3423
3493
64
134
204
274
344
414
484
554
624
694
764
834
904
974
1044
1114
1184
1254
1324
1394
1464
1534
1604
1674
1744
1814
1884
1954
2024
2094
2164
2234
2304
2374
2444
2514
2584
2654
2724
2794
2864
2934
3004
3074
3144
3214
3284
3354
3424
3494
65
135
205
275
345
415
485
555
625
695
765
835
905
975
1045
1115
1185
1255
1325
1395
1465
1535
1605
1675
1745
1815
1885
1955
2025
2095
2165
2235
2305
2375
2445
2515
2585
2655
2725
2795
2865
2935
3005
3075
3145
3215
3285
3355
3425
3495
66
136
206
276
346
416
486
556
626
696
766
836
906
976
1046
1116
1186
1256
1326
1396
1466
1536
1606
1676
1746
1816
1886
1956
2026
2096
2166
2236
2306
2376
2446
2516
2586
2656
2726
2796
2866
2936
3006
3076
3146
3216
3286
3356
3426
3496
67
137
207
277
347
417
487
557
627
697
767
837
907
977
1047
1117
1187
1257
1327
1397
1467
1537
1607
1677
1747
1817
1887
1957
2027
2097
2167
2237
2307
2377
2447
2517
2587
2657
2727
2797
2867
2937
3007
3077
3147
3217
3287
3357
3427
3497
68
138
208
278
348
418
488
558
628
698
768
838
908
978
1048
1118
1188
1258
1328
1398
1468
1538
1608
1678
1748
1818
1888
1958
2028
2098
2168
2238
2308
2378
2448
2518
2588
2658
2728
2798
2868
2938
3008
3078
3148
3218
3288
3358
3428
3498
69
139
209
279
349
419
489
559
629
699
769
839
909
979
1049
1119
1189
1259
1329
1399
1469
1539
1609
1679
1749
1819
1889
1959
2029
2099
2169
2239
2309
2379
2449
2519
2589
2659
2729
2799
2869
2939
3009
3079
3149
3219
3289
3359
3429
3499
)


// ************************************************************************* //
